customer_id,predicted_nps,prob_detractor,prob_passive,prob_promoter
4806-DXQCE,Detractor,0.9977614062395834,0.0014548243478167,0.0007837694126
2277-BKJKN,Detractor,0.9958185580599236,0.0014577641401442,0.002723677799932
5032-USPKF,Detractor,0.9947307647609972,0.0021688393969359,0.003100395842067
4922-CVPDX,Detractor,0.9942571798737686,0.0055601979363859,0.0001826221898454
6968-URWQU,Detractor,0.9941796524107316,0.0057919622525297,2.8385336738439755e-05
1728-BQDMA,Detractor,0.9922202006151674,0.0054200324825254,0.0023597669023072
4484-CGXFK,Detractor,0.9920877202767392,0.0025624771020737,0.0053498026211868
0536-BGFMZ,Detractor,0.9915256754136602,0.0022648265058865,0.006209498080453
6188-UXBBR,Detractor,0.990861460369938,0.0020116549417136,0.0071268846883484
6475-VHUIZ,Detractor,0.9895663287096256,0.0059919959000929,0.0044416753902813
6439-PKTRR,Detractor,0.9893331600829072,0.0029210368688932,0.0077458030481995
3378-AJRAO,Detractor,0.988791964055168,0.0093730361600369,0.001834999784795
3249-VHRIP,Detractor,0.9886746865903928,0.0107941219101109,0.0005311914994962
6439-LAJXL,Detractor,0.9876663231242848,0.0118159829541652,0.0005176939215498
3012-VFFMN,Detractor,0.9870829812420374,0.0040356793211228,0.0088813394368399
4670-TABXH,Detractor,0.9869129045973428,0.0031773677127845,0.0099097276898725
0924-BJCRC,Detractor,0.986405902813435,0.0036629947398324,0.0099311024467327
9825-YCXWZ,Detractor,0.9863548597904912,0.0045133273496863,0.0091318128598223
7658-UYUQS,Detractor,0.9858471695395103,0.0079845743068735,0.0061682561536161
9138-EFSMO,Detractor,0.9855863487669544,0.0103878748916051,0.0040257763414401
1389-CXMLU,Detractor,0.9855430292659666,0.0140150217755223,0.000441948958511
0853-TWRVK,Detractor,0.9852532365603108,0.0067531959577334,0.0079935674819557
2253-KPMNB,Detractor,0.9851859663341874,0.0031893985608069,0.0116246351050057
4081-DYXAV,Detractor,0.9846653361528832,0.0033924085185762,0.0119422553285403
5047-LHVLY,Detractor,0.9844999263975276,0.0078393935689163,0.0076606800335558
2796-UUZZO,Detractor,0.9841096908814796,0.002903793168836,0.0129865159496845
9560-BBZXK,Detractor,0.9840839132270012,0.0036896067780024,0.0122264799949962
7198-GLXTC,Detractor,0.983748811240208,0.0078833170631821,0.0083678716966097
4182-BGSIQ,Detractor,0.983631600057198,0.0079460782994297,0.0084223216433723
0680-DFNNY,Detractor,0.9824958526064996,0.0039390733240884,0.0135650740694117
6705-LXORM,Detractor,0.982469978548173,0.0112441590044568,0.0062858624473701
6035-RIIOM,Detractor,0.9824173942005686,0.0085743097056795,0.0090082960937518
7047-FWEYA,Detractor,0.9823552539841592,0.0028416751127666,0.0148030709030739
8292-FRFZQ,Detractor,0.9823452422271072,0.0072004476256267,0.0104543101472659
1635-FJFCC,Detractor,0.982155280112614,0.0111417473733444,0.0067029725140414
8007-YYPWD,Detractor,0.9821381197089696,0.0087755849277109,0.0090862953633194
8201-AAXCB,Detractor,0.9820539306053772,0.011771812671093,0.0061742567235297
4931-TRZWN,Detractor,0.9815925117335196,0.0114734136071871,0.0069340746592931
2300-RQGOI,Detractor,0.9807742046563872,0.006088163915546,0.0131376314280669
4633-MKHYU,Detractor,0.980571364102873,0.0191102302219837,0.0003184056751433
4482-EWFMI,Detractor,0.9802904098342484,0.0115487076942357,0.0081608824715156
4325-NFSKC,Detractor,0.9801263894266312,0.0108990207957247,0.0089745897776439
7240-ETPTR,Detractor,0.9801037820424956,0.0035947739979244,0.0163014439595799
7549-MYGPK,Detractor,0.9800114770770524,0.0092198131986752,0.0107687097242724
0716-BQNDX,Detractor,0.9796754555849476,0.0138010175244141,0.0065235268906383
3945-GFWQL,Detractor,0.9795004635191868,0.0161023340006722,0.0043972024801408
9871-ELEYA,Detractor,0.979143343378501,0.0146753857674755,0.0061812708540236
8439-LTUGF,Detractor,0.9789877478919188,0.0093203412934062,0.0116919108146749
9208-OLGAQ,Detractor,0.978986003142256,0.0172679557192557,0.0037460411384882
3580-GICBM,Detractor,0.9789329865575956,0.0144880842706534,0.006578929171751
7691-KGKGP,Detractor,0.9787309269778828,0.0078747604513885,0.0133943125707285
8779-YIQQA,Detractor,0.97862865597824,0.0198802347451719,0.001491109276588
7398-SKNQZ,Detractor,0.9785090278734632,0.0083804500820233,0.0131105220445137
7869-ZYDST,Detractor,0.9782160221529974,0.0122738671742174,0.009510110672785
9451-LPGOO,Detractor,0.978215297693928,0.008427896112132,0.0133568061939401
9347-AERRL,Detractor,0.9781756669238544,0.0154869843985309,0.0063373486776148
1628-BIZYP,Detractor,0.9779521416689476,0.0066059752122043,0.0154418831188482
4581-SSPWD,Detractor,0.9778340471361492,0.0081891589902212,0.0139767938736296
3779-OSWCF,Detractor,0.9777315352347812,0.0169645913244949,0.0053038734407238
3701-SFMUH,Detractor,0.9774270012332822,0.0138889069576834,0.0086840918090343
0013-MHZWF,Detractor,0.9773250074846505,0.0147365004610244,0.0079384920543251
1133-KXCGE,Detractor,0.976693215648462,0.01742099429944,0.0058857900520979
1291-CUOCY,Detractor,0.9765490325397208,0.0223095027183196,0.0011414647419595
3410-YOQBQ,Detractor,0.9761877296205872,0.014007785888337,0.0098044844910758
9975-GPKZU,Detractor,0.9758007403096206,0.0119432039132768,0.0122560557771024
2122-YWVYA,Detractor,0.9754900831672524,0.023055412080149,0.0014545047525984
7054-ENNGU,Detractor,0.9754802323781911,0.0158708175548159,0.0086489500669927
4567-AKPIA,Detractor,0.9754495304616156,0.0176530470883794,0.0068974224500049
0228-MAUWC,Detractor,0.9753018251157388,0.0097493253996829,0.0149488494845782
9548-LERKT,Detractor,0.9753009386317282,0.0082468541577083,0.0164522072105635
8166-ORCHU,Detractor,0.9752217124871574,0.0165516141747303,0.0082266733381122
6956-SMUCM,Detractor,0.975135433458688,0.0111697720301558,0.0136947945111561
5968-VXZLG,Detractor,0.9745036996816788,0.0124692599491409,0.0130270403691801
3370-HXOPH,Detractor,0.9744173454147792,0.0164770268884844,0.0091056276967363
6345-ULYRW,Detractor,0.9743260619893662,0.0198721521046414,0.0058017859059923
8812-ZRHFP,Detractor,0.973900585385594,0.0256128419650558,0.0004865726493501
9294-TDIPC,Detractor,0.9737221537312292,0.0260183197451473,0.0002595265236235
3640-PHQXK,Detractor,0.9733574401694796,0.0088984672250321,0.0177440926054884
2150-OEGBV,Detractor,0.9732767682101872,0.0142830235100902,0.0124402082797227
0236-HFWSV,Detractor,0.9732253120579742,0.0188164497218695,0.0079582382201563
8095-WANWK,Detractor,0.9732122579531892,0.0165255719857823,0.0102621700610283
2832-KJCRD,Detractor,0.9731122206907148,0.0183903222182586,0.0084974570910264
4080-OGPJL,Detractor,0.9729986825793794,0.0197828556267525,0.0072184617938679
3079-BCHLN,Detractor,0.9729901168983472,0.0267396694169643,0.0002702136846885
6629-CZTTH,Detractor,0.9728727388919052,0.0053722523906503,0.0217550087174442
1855-AGAWH,Detractor,0.9728342004434576,0.0207992075807195,0.0063665919758227
1875-QIVME,Detractor,0.972722986883153,0.0269952822084188,0.0002817309084281
6234-RAAPL,Detractor,0.9726208879474464,0.0023682481834183,0.0250108638691352
1095-WGNGG,Detractor,0.9725880718192284,0.0244349752909808,0.0029769528897907
7881-EVUAD,Detractor,0.9724386940503325,0.0129863868798228,0.0145749190698447
9257-AZMTZ,Detractor,0.9719851409767868,0.0257969324315159,0.0022179265916971
5656-JAMLX,Detractor,0.971641362652287,0.0078307027283339,0.020527934619379
7622-NXQZR,Detractor,0.9716396372641988,0.0035428447442626,0.0248175179915386
8782-NUUOL,Detractor,0.9714169200495038,0.0278269830446987,0.0007560969057975
7639-OPLNG,Detractor,0.9712139254328732,0.0285727443614352,0.0002133302056917
2405-LBMUW,Detractor,0.9711296660127756,0.0153995258866127,0.0134708081006114
5155-AZQPB,Detractor,0.97097874349908,0.009498152379308,0.019523104121612
8859-YSTWS,Detractor,0.9706145325142524,0.0159374163820545,0.0134480511036929
3066-RRJIO,Detractor,0.970357264963317,0.0293123489469271,0.0003303860897558
1166-PQLGG,Detractor,0.9702882169678247,0.0260585236480869,0.003653259384088
6370-ZVHDV,Detractor,0.969936232805728,0.003869715057434,0.026194052136838
6204-IEUXJ,Detractor,0.9698526252423622,0.0237759912906685,0.0063713834669693
6168-YBYNP,Detractor,0.9698329334488922,0.0292886744474977,0.00087839210361
0674-GCDXG,Detractor,0.9697981323590984,0.0224947769889426,0.0077070906519592
2737-YNGYW,Detractor,0.9696229885002832,0.028861491837225,0.0015155196624918
6762-NSODU,Detractor,0.96950102625317,0.0038366672164151,0.0266623065304148
3146-MSEGF,Detractor,0.9694924476936424,0.0299038125972881,0.0006037397090694
4521-WFJAI,Detractor,0.9693199358335268,0.0199338090785271,0.010746255087946
3090-QFUVD,Detractor,0.9692816062415848,0.0092785228243643,0.0214398709340509
2725-IWWBA,Detractor,0.969183758346135,0.0083128228955401,0.0225034187583248
5815-HGGHV,Detractor,0.9691310595167614,0.0058773768813785,0.0249915636018602
7993-PYKOF,Detractor,0.968981914657552,0.0164440024324117,0.0145740829100361
7971-HLVXI,Detractor,0.9688817914246316,0.0188295772551252,0.0122886313202431
1110-KYLGQ,Detractor,0.9688180147464688,0.0181520802504779,0.0130299050030532
1333-PBMXB,Detractor,0.9686878633946662,0.0056238473954018,0.0256882892099318
9139-WQQDY,Detractor,0.9683211769793756,0.0219147284684951,0.0097640945521293
7698-YFGEZ,Detractor,0.9673507473208056,0.0320698501462561,0.0005794025329382
8148-NLEGT,Detractor,0.9670717951659552,0.016804831002736,0.0161233738313088
2359-KMGLI,Detractor,0.9666475424715238,0.0039477949299026,0.0294046625985734
9739-JLPQJ,Detractor,0.966466461614536,0.0302636256282658,0.0032699127571983
9959-WOFKT,Detractor,0.9664238149874316,0.0247085287874135,0.0088676562251549
3327-YBAKM,Detractor,0.9661769900573528,0.0128562227954812,0.0209667871471659
4636-JGAAI,Detractor,0.9660163911099776,0.0254273742518103,0.0085562346382121
0505-SPOOW,Detractor,0.965848671401424,0.0329170952912024,0.0012342333073737
0564-JJHGS,Detractor,0.9656437474685484,0.0113889235783216,0.0229673289531298
0193-ESZXP,Detractor,0.9652358914736454,0.0340875402566842,0.0006765682696702
9881-VCZEP,Detractor,0.965120013939062,0.0151170540970028,0.0197629319639352
4290-BSXUX,Detractor,0.964972481990927,0.0347144516834006,0.0003130663256721
7493-TPUWZ,Detractor,0.9647452480163388,0.0141021350140311,0.0211526169696301
2479-BRAMR,Detractor,0.9647221358336246,0.0342971717984947,0.0009806923678806
3841-NFECX,Detractor,0.9646539747163936,0.0348545058072033,0.0004915194764029
0744-BIKKF,Detractor,0.9643347266926114,0.0323860307183273,0.003279242589061
3865-YIOTT,Detractor,0.9643089478562752,0.034686629587054,0.0010044225566707
7951-QKZPL,Detractor,0.9642852169581396,0.0182077613262027,0.0175070217156574
5970-GHJAW,Detractor,0.9642388620075344,0.0170385503183102,0.0187225876741552
1814-DKOLC,Detractor,0.9640280948700456,0.0211591492323246,0.0148127558976296
6663-JOCQO,Detractor,0.963938151175862,0.0263685510541969,0.0096932977699409
3315-IKYZQ,Detractor,0.963924613283423,0.0118435839511028,0.024231802765474
9824-BEMCV,Detractor,0.9638058699972184,0.0075299293036103,0.0286642006991712
4749-OJKQU,Detractor,0.9635688024454456,0.0049491842982859,0.0314820132562685
7255-SSFBC,Detractor,0.963541540377734,0.0189102288570463,0.0175482307652196
8865-TNMNX,Detractor,0.9631381014841848,0.0138334567467543,0.0230284417690608
1096-ADRUX,Detractor,0.96309128381621,0.0068488941718835,0.0300598220119064
8947-YRTDV,Detractor,0.9630741574819052,0.0080388420796732,0.0288870004384215
6698-OXETB,Detractor,0.962933090986772,0.0093143749854957,0.0277525340277323
5524-KHNJP,Detractor,0.9629237718559136,0.0215745280333855,0.0155017001107006
4735-ASGMA,Detractor,0.9624974450835404,0.0031857305826842,0.0343168243337754
2330-PQGDQ,Detractor,0.9623954775444432,0.0365362744795536,0.001068247976003
9067-SQTNS,Detractor,0.9621922204198288,0.0315049617192421,0.0063028178609291
8590-YFFQO,Detractor,0.9621787786199604,0.0151622441242715,0.022658977255768
3806-YAZOV,Detractor,0.9619651665035048,0.0283317870546075,0.0097030464418875
1116-DXXDF,Detractor,0.9619079850610774,0.0252538279696787,0.0128381869692439
3451-VAWLI,Detractor,0.9618179997717032,0.0192934106860481,0.0188885895422484
0594-UFTUL,Detractor,0.961748349794606,0.035805880655384,0.0024457695500097
0434-CSFON,Detractor,0.961664974861562,0.0272572124239698,0.0110778127144681
5066-GFJMM,Detractor,0.9616544246231988,0.0108925924684087,0.0274529829083923
0945-TSONX,Detractor,0.9616514023477284,0.0215031354457882,0.0168454622064834
8711-LOBKY,Detractor,0.961612002592664,0.0187288400739885,0.0196591573333474
0818-OCPZO,Detractor,0.9615726226715358,0.0273518142669555,0.0110755630615086
5125-CNDSP,Detractor,0.9613313767285772,0.0154260274944835,0.0232425957769391
8919-FYFQZ,Detractor,0.9613278562754898,0.0097915551275619,0.0288805885969481
0019-EFAEP,Detractor,0.9613144678106276,0.0172821612175279,0.0214033709718443
6873-UDNLD,Detractor,0.961313880431807,0.0283752911242164,0.0103108284439765
2307-FYNNL,Detractor,0.9611736403704,0.0147882722442258,0.0240380873853742
9746-MDMBK,Detractor,0.9610945854063524,0.0370132702010034,0.0018921443926441
8749-CLJXC,Detractor,0.960896918615254,0.0048880737841984,0.0342150076005474
1303-SRDOK,Detractor,0.96079740845083,0.0258310681113271,0.0133715234378426
2724-FJDYW,Detractor,0.9606870488160396,0.0216868679561537,0.0176260832278067
1684-FLBGS,Detractor,0.9606452823090516,0.039144126234147,0.0002105914568012
1453-RZFON,Detractor,0.9605484974507532,0.0290821897834057,0.0103693127658409
0778-NELLA,Detractor,0.9603528835152692,0.0365423051422288,0.0031048113425018
5871-DGTXZ,Detractor,0.960101836786435,0.0383022597844788,0.0015959034290862
7572-KPVKK,Detractor,0.9598893226632488,0.0281845392888301,0.011926138047921
6486-LHTMA,Detractor,0.959589091181594,0.0067699211504468,0.033640987667959
3617-XLSGQ,Detractor,0.9595877208643526,0.0374100837689835,0.0030021953666637
4094-NSEDU,Detractor,0.9595740969232368,0.0398081679226203,0.0006177351541426
6549-BTYPG,Detractor,0.959571273793774,0.0170797073027749,0.0233490189034509
1156-ZFYDO,Detractor,0.9595518136424306,0.0324879950638027,0.0079601912937666
5074-FBGHB,Detractor,0.95945699481763,0.0169742830010969,0.023568722181273
4377-VDHYI,Detractor,0.9593141908096288,0.0238327016248323,0.016853107565539
2829-HYVZP,Detractor,0.9590230782318828,0.0045527172299249,0.0364242045381922
9081-WWXKP,Detractor,0.9586841230950158,0.0221694927333046,0.0191463841716795
5057-LCOUI,Detractor,0.9586479662806398,0.0238595186161041,0.017492515103256
6303-KFWSL,Detractor,0.9586155264811954,0.024038157597307,0.0173463159214975
9801-GDWGV,Detractor,0.9585446998746938,0.0117619278130824,0.0296933723122235
4123-FCVCB,Detractor,0.9584588238309502,0.0268067405739444,0.0147344355951052
7176-WIONM,Detractor,0.9582710828907248,0.0240764181915799,0.0176524989176953
6738-ISCBM,Detractor,0.9581065633849868,0.0255718885995764,0.0163215480154366
9227-LUNBG,Detractor,0.9578471271367444,0.009259673049727,0.0328931998135282
4537-CIBHB,Detractor,0.9577208850194312,0.0128567658316185,0.0294223491489501
4163-HFTUK,Detractor,0.9576927346238902,0.0137663284778481,0.0285409368982616
8189-XRIKE,Detractor,0.95758367810351,0.0226076351480922,0.0198086867483976
3389-KTRXV,Detractor,0.9573975893544798,0.0303535299878464,0.0122488806576736
8080-DDEMJ,Detractor,0.9570309158030104,0.02591124374961,0.0170578404473795
5762-TJXGK,Detractor,0.9570306692769268,0.030361963316361,0.012607367406712
5236-PERKL,Detractor,0.956854438334484,0.0209638074998004,0.0221817541657155
3662-FXJFO,Detractor,0.9568157859139216,0.0427737946708818,0.0004104194151967
3097-FQTVJ,Detractor,0.9567177023696656,0.004263737686554,0.0390185599437805
8118-TJAFG,Detractor,0.9566601983893678,0.0427195551569774,0.0006202464536548
1335-HQMKX,Detractor,0.9566539997606625,0.007009946977835,0.0363360532615027
4588-YBNIB,Detractor,0.9564935782116908,0.0109059290814223,0.0326004927068868
4597-ELFTS,Detractor,0.9562126476168408,0.0409142554782578,0.0028730969049013
6766-HFKLA,Detractor,0.9561814879867478,0.0272766431717442,0.0165418688415079
3530-CRZSB,Detractor,0.9561031484059056,0.0102076701207157,0.0336891814733789
4282-YMKNA,Detractor,0.9560186451846862,0.0417405692122766,0.0022407856030372
1619-YWUBB,Detractor,0.9557836750052436,0.0020307654540499,0.0421855595407063
9625-QSTYE,Detractor,0.9557549921531332,0.0171626206302337,0.0270823872166329
1223-UNPKS,Detractor,0.9555588845218234,0.0307110054380938,0.0137301100400827
7590-VHVEG,Detractor,0.9553617888401758,0.0266469308727306,0.0179912802870934
6727-IOTLZ,Detractor,0.9552952688092448,0.0175483945131243,0.0271563366776309
7103-ZGVNT,Detractor,0.9550979008100768,0.0165869260885754,0.0283151731013477
9060-HJJRW,Detractor,0.9549379960601176,0.0087490845565009,0.0363129193833817
8593-WHYHV,Detractor,0.9549075486962167,0.0187481313210584,0.0263443199827247
2144-ESWKO,Detractor,0.9548891183737532,0.0214188679101973,0.0236920137160494
8374-UULRV,Detractor,0.954819624697284,0.0077112066120013,0.0374691686907147
2927-CVULT,Detractor,0.9545965364794572,0.0135242118506092,0.0318792516699334
5730-RIITO,Detractor,0.9543271769474848,0.0276238444915994,0.0180489785609157
2202-CUYXZ,Detractor,0.9542480445404256,0.031634832081541,0.0141171233780332
6339-YPSAH,Detractor,0.9539785776246388,0.0115961855071546,0.0344252368682066
5590-YRFJT,Detractor,0.9537993474011816,0.0244889201374657,0.0217117324613527
5960-MVTUK,Detractor,0.9537753711736372,0.0263966264603881,0.0198280023659745
5989-AXPUC,Detractor,0.9534136221365708,0.0170284423648589,0.0295579354985701
4415-IJZTP,Detractor,0.9533682089558092,0.0084938561972937,0.038137934846897
3913-FCUUW,Detractor,0.953349783042695,0.0184527576656076,0.0281974592916972
8436-BJUMM,Detractor,0.9533310900942112,0.0194208633105285,0.0272480465952601
0679-TDGAK,Detractor,0.9532843169801908,0.045228643991567,0.0014870390282422
3563-SVYLG,Detractor,0.9531163402976351,0.0456137574653157,0.0012699022370492
7903-CMPEY,Detractor,0.9530377062309664,0.0463505341018518,0.0006117596671816
7252-NTGSS,Detractor,0.952394840728676,0.0281833325514385,0.0194218267198857
2267-WTPYD,Detractor,0.9523239421153664,0.0197052425290835,0.0279708153555501
5453-AXEPF,Detractor,0.952066337843956,0.0206853903016121,0.0272482718544318
5073-WXOYN,Detractor,0.9519442407039788,0.0471927661273643,0.0008629931686569
5519-TEEUH,Detractor,0.951914617701456,0.0115091710317855,0.0365762112667582
6993-YCOBK,Detractor,0.9517024092615156,0.0110865079270973,0.037211082811387
5256-SKJGO,Detractor,0.9516265270285224,0.0476304577520771,0.0007430152194002
9450-TRJUU,Detractor,0.9515553033779912,0.0177556304144052,0.0306890662076033
1134-YWTYF,Detractor,0.9514179017609904,0.0472542835365706,0.001327814702439
2279-AXJJK,Detractor,0.95134692499685,0.0380195743000819,0.010633500703068
4079-WWQQQ,Detractor,0.9512816898502622,0.0022790292762098,0.0464392808735279
9436-ZBZCT,Detractor,0.9509780085029068,0.0386890896385635,0.0103329018585295
8903-XEBGX,Detractor,0.9509479475760576,0.0133387500511381,0.0357133023728042
2428-HYUNX,Detractor,0.9508577342534285,0.0120068518796799,0.0371354138668917
8901-UPRHR,Detractor,0.9506326045959026,0.0264279119785506,0.0229394834255466
9286-BHDQG,Detractor,0.950587947608566,0.0472096795310063,0.0022023728604275
3557-HTYWR,Detractor,0.950404265226873,0.048919753958048,0.0006759808150789
2230-XTUWL,Detractor,0.9503551985050858,0.0344221270456787,0.0152226744492356
0369-ZGOVK,Detractor,0.9500444618812532,0.019447865551716,0.0305076725670308
0277-BKSQP,Detractor,0.9500011576960502,0.0121630740510032,0.0378357682529465
8894-JVDCV,Detractor,0.9498986087094896,0.0286239303074326,0.0214774609830776
9305-CDSKC,Detractor,0.9497120037535036,0.0467577160539812,0.0035302801925151
3930-ZGWVE,Detractor,0.9496889543736317,0.0390419681413748,0.0112690774849934
9150-HEPMB,Detractor,0.9496378533121392,0.0300830018897798,0.020279144798081
3808-HFKDE,Detractor,0.949631527544116,0.0451887960298081,0.0051796764260759
9174-IHETN,Detractor,0.9492321134668056,0.0128060725744226,0.0379618139587716
6372-RFVNS,Detractor,0.9491712021147244,0.0336920291853262,0.0171367686999492
8532-UEFWH,Detractor,0.9490918245077674,0.0090674334442729,0.0418407420479597
6551-GNYDG,Detractor,0.9490380845672284,0.0223716968164711,0.0285902186163004
5131-PONJI,Detractor,0.9489485724964456,0.0450697937781872,0.0059816337253673
9732-EQMWY,Detractor,0.948880204971583,0.0398226707460757,0.0112971242823413
4763-PGDPO,Detractor,0.9486680868831776,0.0126405686386188,0.0386913444782036
3519-ZKXGG,Detractor,0.9486120758173604,0.0505259978204828,0.0008619263621569
4526-EXKKN,Detractor,0.9483868368350262,0.0248344912881639,0.0267786718768097
8519-IMDHU,Detractor,0.9482899532967644,0.051098661933143,0.0006113847700925
1354-YZFNB,Detractor,0.9482480439116724,0.0300739750046096,0.0216779810837181
1767-TGTKO,Detractor,0.9482321292701796,0.0499217024007725,0.0018461683290478
2398-YPMUR,Detractor,0.9479745585298168,0.0278145543674496,0.0242108871027335
6122-EFVKN,Detractor,0.9479562447108528,0.0347867900554069,0.0172569652337403
7641-EUYET,Detractor,0.9479116568439224,0.0511874114963467,0.0009009316597309
4086-ATNFV,Detractor,0.947776825539146,0.014452925015079,0.0377702494457749
5802-ADBRC,Detractor,0.9472805907953012,0.0291134979789985,0.0236059112257002
8626-XHBIE,Detractor,0.9472720546932872,0.0206917051239079,0.0320362401828046
9052-DHNKM,Detractor,0.9472525160548556,0.0238484276164457,0.0288990563286988
5149-QYTTU,Detractor,0.9471343698590378,0.016181330250549,0.0366842998904132
4334-HOWRP,Detractor,0.9470667840241012,0.0526563996273611,0.0002768163485374
6267-DCFFZ,Detractor,0.947046372094495,0.0340997111434807,0.0188539167620241
4868-AADLV,Detractor,0.946808416986932,0.0513050198329983,0.0018865631800699
3374-PZLXD,Detractor,0.9467920609628128,0.0047046185094155,0.0485033205277715
7964-VEXDG,Detractor,0.9466464312583248,0.0141876459121067,0.0391659228295684
3680-CTHUH,Detractor,0.9465546407799534,0.0532857889011201,0.0001595703189264
5180-UCIIQ,Detractor,0.9464975953922438,0.0144308021786328,0.0390716024291235
7919-ZODZZ,Detractor,0.946408673408905,0.0505920651425609,0.0029992614485339
1794-SWWKL,Detractor,0.9463919476470416,0.049995854382625,0.0036121979703333
9688-YGXVR,Detractor,0.9462149791465932,0.0527462416543074,0.0010387791990995
7225-IILWY,Detractor,0.9461667781698287,0.0192681410456077,0.0345650807845634
9601-BRXPO,Detractor,0.9461384121882253,0.0342566121751587,0.019604975636616
5899-MQZZL,Detractor,0.9461376808316636,0.0335294696177611,0.0203328495505751
0959-WHOKV,Detractor,0.9458451129912512,0.0348053406025479,0.0193495464062006
3413-BMNZE,Detractor,0.9458199417880372,0.0534509962360975,0.0007290619758653
7129-AZJDE,Detractor,0.9458123893461272,0.024644705182759,0.0295429054711136
5208-FVQKB,Detractor,0.9456216492673286,0.0147629955506009,0.0396153551820703
9170-GYZJC,Detractor,0.94540063964372,0.0337687778478328,0.020830582508447
3316-UWXUY,Detractor,0.9453677115526652,0.0535450086482467,0.0010872797990878
7674-YTAFD,Detractor,0.9453243849671744,0.0138308171542218,0.0408447978786036
2676-SSLTO,Detractor,0.94480072822743,0.042652170627389,0.012547101145181
3106-ULWFW,Detractor,0.944759001107742,0.0508481020307082,0.0043928968615496
5423-BHIXO,Detractor,0.944720455535437,0.0286614691795478,0.0266180752850151
2615-YVMYX,Detractor,0.9446478400774192,0.0368671204394223,0.0184850394831584
2696-NARTR,Detractor,0.9445630717200704,0.0368890273054155,0.018547900974514
3604-WLABM,Detractor,0.9445424660604612,0.0307384554609603,0.0247190784785785
0617-FHSGK,Detractor,0.9444543377287709,0.0388876491251,0.0166580131461289
7421-ZLUPA,Detractor,0.9443723567575212,0.0133811219417401,0.0422465213007388
0607-DAAHE,Detractor,0.9441967299780678,0.0549108368838369,0.0008924331380951
1568-BEKZM,Detractor,0.9441631145620532,0.0414796117609382,0.0143572736770084
2403-BCASL,Detractor,0.9439955920489924,0.0540019574994699,0.0020024504515376
7398-LXGYX,Detractor,0.9436632721494672,0.0555401536253736,0.0007965742251592
0567-GGCAC,Detractor,0.9434908471953476,0.0256905316100304,0.0308186211946216
6075-QMNRR,Detractor,0.9433692782539428,0.0224785781396617,0.0341521436063954
0536-ESJEP,Detractor,0.943162589638309,0.0179820260597298,0.0388553843019612
1043-UXOVO,Detractor,0.943100330341403,0.0093160385420465,0.0475836311165505
0625-AFOHS,Detractor,0.9430785960112475,0.0215776272982457,0.0353437766905065
8679-JOEVF,Detractor,0.9430633962968896,0.026485551209084,0.0304510524940263
3612-YVGSJ,Detractor,0.9429185106018771,0.053205862071929,0.0038756273261935
6437-UKHMV,Detractor,0.9426476743761384,0.0029071238465033,0.0544452017773583
6527-PZFPV,Detractor,0.9425729970010354,0.0469569276460413,0.0104700753529232
0463-WZZKO,Detractor,0.9425603300719728,0.0092733271961103,0.0481663427319167
8996-ZROXE,Detractor,0.9421810116521312,0.0052341373776097,0.052584850970259
6839-ITVZJ,Detractor,0.9421165572582948,0.020631850997345,0.0372515917443601
7432-FFVAR,Detractor,0.94183466209904,0.0303669159692446,0.0277984219317152
5930-GBIWP,Detractor,0.9413894065356568,0.0582814003850339,0.0003291930793093
9741-YLNTD,Detractor,0.9413507115148508,0.0354626012794785,0.0231866872056707
8731-WBBMB,Detractor,0.9410981163124442,0.0127368375755605,0.0461650461119952
6726-NNFWD,Detractor,0.9410441732644615,0.0253997335116234,0.0335560932239149
7833-PKIHD,Detractor,0.9409088469509508,0.0165826415164824,0.0425085115325668
3070-BDOQC,Detractor,0.9408951018686328,0.0181396378531231,0.0409652602782439
5465-BUBFA,Detractor,0.9407775504365192,0.0279624030079209,0.0312600465555598
6087-MVHJH,Detractor,0.9406449051985694,0.0310931722755229,0.0282619225259077
2203-GHNWN,Detractor,0.9404383864538046,0.0432058662922154,0.0163557472539798
5442-XSDCW,Detractor,0.9404144537766436,0.0575651602017932,0.0020203860215631
4631-OACRM,Detractor,0.9403331920152022,0.0582262690626804,0.0014405389221174
9351-HXDMR,Detractor,0.9402728061742704,0.0593356393039004,0.0003915545218291
9605-WGJVW,Detractor,0.9401651431514,0.0409827609283443,0.0188520959202555
8022-BECSI,Detractor,0.9400805299239592,0.0590825992759024,0.0008368708001383
2272-WUSPA,Detractor,0.9399628732865684,0.0443391330877689,0.0156979936256626
2240-HSJQD,Detractor,0.9399370977371884,0.0062425466728259,0.0538203555899857
5093-FEGLU,Detractor,0.9398862012674936,0.0353501719901334,0.0247636267423728
3627-FHKBK,Detractor,0.9398517295865249,0.0337454713975367,0.0264027990159385
5090-EMGTC,Detractor,0.9398455921295628,0.05912984076142,0.0010245671090171
4176-RELJR,Detractor,0.939657440720322,0.0243489283107489,0.035993630968929
6023-GSSXW,Detractor,0.9396439645415032,0.0340496057722135,0.0263064296862833
6286-SUUWT,Detractor,0.9396289383839654,0.0588891454257245,0.00148191619031
9796-MVYXX,Detractor,0.93959482023497,0.0577871583687113,0.0026180213963185
5961-VUSRV,Detractor,0.939586744553308,0.0588896074786619,0.0015236479680301
8012-SOUDQ,Detractor,0.9392957900353688,0.0202099561176539,0.0404942538469771
6719-OXYBR,Detractor,0.9392895656568876,0.0601207721134452,0.0005896622296671
0002-ORFBO,Detractor,0.9392150892696024,0.023156277774574,0.0376286329558235
9574-RKJIF,Detractor,0.9389114230205392,0.031800909339862,0.0292876676395988
3154-HMWUU,Detractor,0.938241104859394,0.060962271685234,0.0007966234553718
1583-IHQZE,Detractor,0.9381783577167746,0.030379859835382,0.0314417824478432
3181-VTHOE,Detractor,0.9379741422814628,0.0597578513313706,0.0022680063871665
1265-HVPZB,Detractor,0.9379035890104503,0.0219165667292355,0.0401798442603142
0480-BIXDE,Detractor,0.9377596221184936,0.0616603724606227,0.0005800054208835
2810-FTLEM,Detractor,0.93772053036762,0.0572769286833281,0.0050025409490521
7503-EPSZW,Detractor,0.9377121962658156,0.0338742502994209,0.0284135534347636
7409-JURKQ,Detractor,0.937668176762505,0.0231235985478887,0.0392082246896063
6169-PPETC,Detractor,0.9376681534028712,0.0595452413662822,0.0027866052308463
0943-ZQPXH,Detractor,0.9375723454359628,0.0608829659257068,0.0015446886383303
0958-YHXGP,Detractor,0.9375669753344008,0.0210257396141937,0.0414072850514054
3669-OYSJI,Detractor,0.937545271487058,0.0603282378955717,0.0021264906173704
7803-XOCCZ,Detractor,0.9373557104125264,0.0618387468169451,0.0008055427705285
4335-UPJSI,Detractor,0.9373456721888156,0.0622544158677527,0.0003999119434316
6695-FRVEC,Detractor,0.9372575254747074,0.0333396772819321,0.0294027972433604
9940-RHLFB,Detractor,0.9371993769459592,0.0313702476798649,0.0314303753741757
8931-GJJIQ,Detractor,0.937058061156152,0.062098066053734,0.000843872790114
8806-EAGWC,Detractor,0.9368527180058904,0.0048713146359425,0.0582759673581671
7969-FFOWG,Detractor,0.9367373581553052,0.0622517712795485,0.001010870565146
0376-OIWME,Detractor,0.9366150928832312,0.009807484279162,0.0535774228376067
7997-EASSD,Detractor,0.9365524338964516,0.0224706775674416,0.0409768885361067
2969-QWUBZ,Detractor,0.9365492091585056,0.0607904491755096,0.0026603416659848
1591-MQJTP,Detractor,0.936046322955736,0.0156747186910578,0.0482789583532062
1248-DYXUB,Detractor,0.9360426155063644,0.046590405743358,0.0173669787502775
1271-UODNO,Detractor,0.9360070577803696,0.0271533452638008,0.0368395969558293
5337-IIWKZ,Detractor,0.9359118531654916,0.0249758822749275,0.0391122645595806
5481-NTDOH,Detractor,0.9358520622658756,0.0438006256727908,0.0203473120613333
0206-TBWLC,Detractor,0.9357914220387402,0.0416413204634793,0.0225672574977803
0883-EIBTI,Detractor,0.9355800769503558,0.0641564279233068,0.0002634951263372
0742-MOABM,Detractor,0.9355089117471964,0.0587245064594359,0.0057665817933676
1173-XZPYF,Detractor,0.935387732156315,0.0141367033657047,0.0504755644779802
8069-RHUXK,Detractor,0.9352806652915486,0.0069168048090385,0.0578025298994129
6576-FBXOJ,Detractor,0.9351171213064532,0.0294124706233061,0.0354704080702405
7622-FWGEW,Detractor,0.9349667493969064,0.012549618272355,0.0524836323307386
7244-QWYHG,Detractor,0.934869800506076,0.0247624260097387,0.0403677734841851
7989-CHGTL,Detractor,0.9342450042485032,0.0161745292967101,0.0495804664547864
4657-FWVFY,Detractor,0.9342291178696872,0.0200426092287444,0.0457282729015682
1045-LTCYT,Detractor,0.934101646107024,0.0168602504346996,0.0490381034582763
0302-JOIVN,Detractor,0.9340212278351564,0.0328422910723468,0.0331364810924967
3401-URHDA,Detractor,0.9339842507210276,0.0341088110915006,0.0319069381874717
0480-KYJVA,Detractor,0.9339619587000518,0.0193148415586526,0.0467231997412954
5039-LZRQT,Detractor,0.933918537169624,0.0201246098330601,0.0459568529973155
9090-SGQXL,Detractor,0.9338411699743224,0.0217441460697122,0.0444146839559652
4939-KYYPY,Detractor,0.9336426697403044,0.0590179430715386,0.0073393871881568
5644-PDMZC,Detractor,0.9336078141095472,0.0471706943532481,0.0192214915372046
1866-OBPNR,Detractor,0.9335421958334644,0.0297360998001802,0.0367217043663555
4671-VJLCL,Detractor,0.933484029060165,0.0349330470556341,0.0315829238842008
5600-KTXFM,Detractor,0.9333580692647336,0.0547808302560336,0.0118611004792327
5171-EPLKN,Detractor,0.9333557783519448,0.026508303461413,0.0401359181866421
8740-CRYFY,Detractor,0.9333550519415006,0.0663496978851679,0.0002952501733314
2668-TZSPS,Detractor,0.933315469120384,0.0495894470299479,0.017095083849668
3669-WHAFY,Detractor,0.9330506620548568,0.0254688637223536,0.0414804742227895
9817-APLHW,Detractor,0.9328865825456224,0.0560051935761495,0.011108223878228
7554-AKDQF,Detractor,0.9328666849013132,0.0147143856583044,0.0524189294403822
8739-XNIKG,Detractor,0.9327435823600106,0.009328075200201,0.0579283424397882
7325-ENZFI,Detractor,0.932678891730389,0.0404501078569515,0.0268710004126594
0580-PIQHM,Detractor,0.9326465116189592,0.0432562741486675,0.024097214232373
6661-HBGWL,Detractor,0.9324445419357934,0.0197360912078181,0.0478193668563885
3278-FSIXX,Detractor,0.9324202774619876,0.0285980653706917,0.0389816571673208
3349-ANQNH,Detractor,0.932333918271127,0.04509408512991,0.0225719965989629
4625-XMOYM,Detractor,0.9322776501263578,0.0345724697753006,0.0331498800983415
5228-EXCET,Detractor,0.9322065434051572,0.0271643500545559,0.0406291065402868
8766-PAFNE,Detractor,0.9320971244089004,0.0506341835672957,0.0172686920238039
2903-YYTBW,Detractor,0.932034807318819,0.0669370600415857,0.0010281326395952
7824-PANSQ,Detractor,0.9315539879920512,0.0251061078883932,0.0433399041195555
8966-OIQHG,Detractor,0.9314921627213578,0.0146288793282763,0.0538789579503656
2180-DXNEG,Detractor,0.9314479005375684,0.0682319305075482,0.0003201689548833
1114-CENIM,Detractor,0.9313883354468284,0.0670648408708189,0.0015468236823525
3748-FVMZZ,Detractor,0.93100381036871,0.0316837375718264,0.0373124520594636
2030-BTZRO,Detractor,0.9308731110609666,0.0679712667706548,0.0011556221683785
1360-XFJMR,Detractor,0.9308724757550698,0.0157639733782875,0.0533635508666428
8160-HOWOX,Detractor,0.9307907620316742,0.0265883146075352,0.0426209233607905
3756-VNWDH,Detractor,0.9306072238218832,0.029604823620739,0.0397879525573778
8226-BXGES,Detractor,0.9305936512249688,0.0685054608310086,0.0009008879440226
4957-TIALW,Detractor,0.9304541546794756,0.0194790150382799,0.0500668302822443
9030-QGZNL,Detractor,0.9302310735689358,0.008154340146326,0.061614586284738
0988-AADSA,Detractor,0.930225794492182,0.0252210208640121,0.0445531846438058
2410-CIYFZ,Detractor,0.9300792666508046,0.0274337426724724,0.0424869906767229
1356-MKYSK,Detractor,0.930032201556728,0.0696564170449073,0.0003113813983646
1934-MKPXS,Detractor,0.929802277881798,0.0389351506817084,0.0312625714364935
9489-UTFKA,Detractor,0.9297971796723136,0.0406557356079289,0.0295470847197576
3525-DVKFN,Detractor,0.9297033904928405,0.0691927928310732,0.0011038166760864
6331-LWDTQ,Detractor,0.92968505851768,0.0078351724922552,0.0624797689900646
3002-WQZWT,Detractor,0.9290593113097472,0.022019345088923,0.0489213436013299
3935-TBRZZ,Detractor,0.9289767061030534,0.0162879160143725,0.0547353778825739
1169-SAOCL,Detractor,0.9288075766675988,0.0219060664017873,0.0492863569306137
2560-WBWXF,Detractor,0.9287726673990514,0.0688366234266797,0.0023907091742689
6608-QQLVK,Detractor,0.9287478407876132,0.0116790102486168,0.0595731489637702
5028-GZLDO,Detractor,0.9286644306860375,0.0460710878575733,0.0252644814563889
6242-MBHPK,Detractor,0.9285658212915988,0.071152218872499,0.0002819598359018
2676-OXPPQ,Detractor,0.9284478748295276,0.0712688072401564,0.0002833179303157
2883-ILGWO,Detractor,0.9284193399390218,0.0692341466409232,0.002346513420055
0968-GSIKN,Detractor,0.928157218968936,0.039503102532337,0.0323396784987268
8100-PNJMH,Detractor,0.9281564353164042,0.0316630148961949,0.0401805497874008
0234-TEVTT,Detractor,0.9278302955838404,0.0539076560300396,0.01826204838612
8735-IJJEG,Detractor,0.9277401264835444,0.0365810995402769,0.0356787739761786
7203-OYKCT,Detractor,0.9276020813215607,0.0694205936288552,0.0029773250495839
4560-WQAQW,Detractor,0.9275626812069524,0.0578489823431191,0.0145883364499282
7669-LCRSD,Detractor,0.9272104202044628,0.0392331311223328,0.0335564486732041
4859-ZSRDZ,Detractor,0.9271501190522194,0.0701745242569368,0.0026753566908436
4634-JLRJT,Detractor,0.9270724252274328,0.0159414311765535,0.0569861435960135
8984-HPEMB,Detractor,0.926927402392207,0.0581616812171952,0.0149109163905976
1984-GPTEH,Detractor,0.9268224495853776,0.0717809349599863,0.0013966154546361
9079-LWTFD,Detractor,0.926725892730636,0.035795325440495,0.037478781828869
8071-SBTRN,Detractor,0.9265793946607442,0.0265642122267868,0.0468563931124687
2429-AYKKO,Detractor,0.926426452118948,0.0228834281040888,0.0506901197769631
7009-LGECI,Detractor,0.9262936369130544,0.0693907273405855,0.0043156357463599
0512-FLFDW,Detractor,0.9262582639079846,0.034455144030286,0.0392865920617291
4940-KHCWD,Detractor,0.9261888161071484,0.0217884045755603,0.0520227793172912
2200-DSAAL,Detractor,0.9261833608508696,0.0306924394764582,0.0431241996726721
8496-EJAUI,Detractor,0.9261541491439216,0.0406056339014204,0.0332402169546578
5515-AKOAJ,Detractor,0.926153065966128,0.0435209547850047,0.0303259792488671
7010-ZMVBF,Detractor,0.9257493844109836,0.0732465995837112,0.0010040160053052
2616-FLVQC,Detractor,0.9256197259980208,0.0703003650411111,0.0040799089608681
8468-EHYJA,Detractor,0.9255075385577076,0.0087902336401617,0.0657022278021308
4112-LUEIZ,Detractor,0.925451558550486,0.0182210702392747,0.0563273712102391
4298-OYIFC,Detractor,0.925320584473173,0.0398396412971489,0.0348397742296781
5014-WUQMG,Detractor,0.9250606551153354,0.0198205331042247,0.0551188117804399
2832-SCUCO,Detractor,0.9244558868491816,0.0745675087357648,0.0009766044150536
7758-XKCBS,Detractor,0.9244390063712258,0.069817701342447,0.0057432922863272
4981-FLTMF,Detractor,0.9243424677422464,0.0753895172916544,0.000268014966099
2114-MGINA,Detractor,0.9243032437862304,0.0694702356485765,0.0062265205651931
2320-JRSDE,Detractor,0.9242976306416796,0.0561144808198649,0.0195878885384553
5196-SGOAK,Detractor,0.92424748249982,0.074242161917378,0.0015103555828017
1053-MXTTK,Detractor,0.9242369012812734,0.0056874622096316,0.0700756365090948
1061-PNTHC,Detractor,0.924043069585811,0.0746079311547904,0.0013489992593985
2219-MVUSO,Detractor,0.923977920497212,0.0302560997896885,0.0457659797130993
8626-PTQGE,Detractor,0.9239639126318906,0.0135373462698043,0.0624987410983051
4847-QNOKA,Detractor,0.923734071697309,0.0457185164121024,0.0305474118905885
0595-ITUDF,Detractor,0.923554174688144,0.0286583094319879,0.047787515879868
6906-MPARY,Detractor,0.9235035128834528,0.0441343439154273,0.0323621432011198
7488-MXJIV,Detractor,0.923484388569041,0.0341327056854198,0.042382905745539
0848-ZGQIJ,Detractor,0.9232970948687416,0.0399644430401591,0.0367384620910992
7781-EWARA,Detractor,0.9231841973533544,0.0760164953686596,0.0007993072779859
0550-DCXLH,Detractor,0.9230566356984786,0.0205299635667441,0.0564134007347771
4250-ZBWLV,Detractor,0.9228854801253772,0.0252752432789286,0.051839276595694
0829-DDVLK,Detractor,0.9227944922083742,0.0720004051363109,0.005205102655315
8204-TIFGJ,Detractor,0.9226600411324726,0.0282677217530713,0.049072237114456
6728-DKUCO,Detractor,0.9225501903758002,0.0283623997740941,0.0490874098501058
8685-WHQPW,Detractor,0.9221282065670124,0.0138820629731531,0.0639897304598346
6207-WIOLX,Detractor,0.9218902015522146,0.0513432327589406,0.0267665656888449
7363-QTBIW,Detractor,0.9218697987184976,0.0346694617491119,0.0434607395323902
6128-CZOMY,Detractor,0.9215356117454084,0.0339552259022877,0.0445091623523037
9231-ZJYAM,Detractor,0.9215003835893456,0.076535951477221,0.0019636649334334
1113-IUJYX,Detractor,0.9214576919314812,0.0733186034829638,0.0052237045855549
8417-GSODA,Detractor,0.9211927406609776,0.0271708563056147,0.0516364030334075
8845-LWKGE,Detractor,0.9208610632546552,0.0766907504221775,0.0024481863231672
7850-THJMU,Detractor,0.9208377177944128,0.0786060077370773,0.0005562744685097
3733-ZEECP,Detractor,0.9208359685763856,0.0154583845607797,0.0637056468628349
6546-OPBBH,Detractor,0.9207848628740452,0.0709771559156153,0.0082379812103392
6518-KZXCB,Detractor,0.9207326405196612,0.05470186853445,0.0245654909458886
5346-BZCHP,Detractor,0.920651988700354,0.0770747468076172,0.0022732644920289
8128-YVJRG,Detractor,0.9206187694695248,0.0249801123368716,0.0544011181936036
3800-LYTRK,Detractor,0.9205845414284162,0.0388852442341457,0.0405302143374381
4312-KFRXN,Detractor,0.9204271368881214,0.0785971063449998,0.0009757567668788
0701-TJSEF,Detractor,0.9204255650412736,0.0490780100606187,0.0304964248981077
7831-QGOXH,Detractor,0.9204030095716548,0.0107965710107768,0.0688004194175684
2672-TGEFF,Detractor,0.920400409869244,0.0238002399929875,0.0557993501377684
9710-NJERN,Detractor,0.9201594381367404,0.0330275250973786,0.046813036765881
6005-OBZPH,Detractor,0.9200490597028382,0.0796667676332602,0.0002841726639016
5834-ASPWA,Detractor,0.9200058325327912,0.0495863476537843,0.0304078198134245
8123-QBNAZ,Detractor,0.919927837887828,0.0551132302421741,0.0249589318699977
7562-GSUHK,Detractor,0.9199031220761792,0.0786751024789801,0.0014217754448406
3721-WKIIL,Detractor,0.9198812307657892,0.0303755491354206,0.04974322009879
0909-SDHNU,Detractor,0.9196908108382804,0.0242127351061599,0.0560964540555596
9526-BIHHD,Detractor,0.9196616354784184,0.0215726729741751,0.0587656915474064
5702-SKUOB,Detractor,0.9193662143599124,0.0793055788474135,0.0013282067926739
4458-KVRBJ,Detractor,0.9191841508778468,0.0501544841158399,0.0306613650063131
5655-JSMZM,Detractor,0.9190108062216732,0.0250313408116346,0.0559578529666921
